-2.71499e-07 
-0.189175 
-0.181841 
0.314134 
0.135682 
-0.000458734 
-0.19516 
-0.217268 
0.066285 
0.0112904 
-0.0749611 
-0.288778 
0.0895729 
0.067009 
0.0145134 
-0.159477 
-0.128013 
-0.0678605 
-0.0880305 
-0.031437 
-0.000932491 
-0.0179995 
0.160225 
-0.115362 
0.0676971 
-0.0302058 
0.0185843 
-0.0444924 
-0.108075 
-0.0306779 
0.088977 
0.0258835 
-0.0966364 
-0.0530885 
0.00568804 
0.0863442 
0.033997 
-0.0799612 
0.216292 
-0.0715899 
-0.00295597 
-0.159699 
0.0158648 
-0.0874434 
0.0870973 
-0.0317541 
-0.0193159 
0.0441048 
-0.0488469 
-0.0354182 
-0.0210205 
0.120664 
-0.014981 
0.0310237 
0.0124778 
-0.01722 
-0.00380768 
-0.132377 
-0.0871569 
-0.0235334 
0.0814252 
0.0320424 
-0.0246181 
-0.00971434 
0.0478917 
-0.0760639 
0.0566414 
0.0653066 
-0.0199808 
0.0169592 
-0.0290599 
0.00786061 
0.0772911 
0.0256065 
0.00301791 
0.0142165 
-0.013284 
0.0260076 
-0.000722314 
-0.0181801 
0.0335819 
0.0283282 
-0.00495014 
-0.0237634 
-0.0470283 
-0.0333138 
-0.056685 
0.0235643 
0.0246138 
0.00900187 
0.015161 
-0.0370132 
0.0057842 
0.033537 
-0.000611994 
0.00436186 
0.0298845 
-0.00476699 
-0.00764889 
-0.00128346 
0.027948 
0.0276111 
0.0131404 
0.0255451 
0.0434945 
-0.00113587 
0.00679008 
-0.00176243 
0.0093129 
-0.0379843 
-0.000106955 
0.0125477 
0.0102474 
-0.0245583 
-0.00830094 
0.0157892 
-0.0284737 
0.0183298 
0.00686506 
-0.0193788 
0.00918972 
-0.00720166 
0.00226408 
-0.0142533 
0.0231422 
0.00172953 
0.0149458 
0.00121409 
0.0147636 
0.00563445 
0.0177386 
-0.00990082 
-0.0186961 
0.0134748 
-0.00555279 
-0.00685192 
0.0160526 
-0.0163221 
0.00981944 
-0.00872364 
-0.00722004 
-0.00794462 
0.00186088 
-0.0115768 
0.0108049 
-0.00387617 
-0.0142524 
-0.0160322 
-0.00341104 
-0.00465416 
-0.00718714 
0.00626882 
-0.00728032 
-0.00288026 
-0.000404712 
-0.0153619 
0.00174331 
-0.0141221 
0.013423 
0.00018634 
-0.00775882 
0.000520146 
-0.00118327 
0.00152995 
-0.0053285 
0.00215187 
0.00566169 
0.0129248 
0.0122827 
-0.00248227 
0.00154383 
0.0011188 
0.00157907 
-0.00409227 
0.0015151 
-0.00129059 
0.0123283 
-0.00121277 
-0.00234364 
-0.00305372 
0.00410922 
0.00522186 
0.00515455 
-0.00214954 
0.00452492 
-0.00150287 
-2.26304e-06 
0.00117678 
-0.00105735 
-0.000699494 
-0.0010742 
0.00134347 
-0.0038022 
0.00450801 
0.00119906 
0.00673556 
0.00266367 
-0.00143379 
-0.00157586 
